計算種類,画像種類,X座標,Ｙ座標,Z座標,高さ,横幅
0,0,220,0,250,200,110
0,0,-220,0,250,200,110
1,0,0,0,-250,200,330
2,0,340,0,0,200,250
3,0,-340,0,0,200,250
2,0,110,0,450,200,200
3,0,-110,0,450,200,200
0,0,-215,0,1110,200,775
1,0,320,0,650,200,210
1,0,-550,0,650,200,440
2,0,900,0,850,200,560
3,0,530,0,450,200,200
3,0,530,0,1310,200,200
0,1,730,0,1110,200,200
3,0,-1430,0,880,200,1100
2,0,-990,0,450,200,200
2,0,-990,0,1310,200,200
0,1,-1190,0,1110,200,200
1,0,-970,0,-230,200,440
2,0,-550,0,0,200,230
0,0,-770,0,230,200,220
